time	value
0	0
3.15544E-30	5.28695E-57
0.00441904	0.009180923
0.009319015	0.028910534
0.013474611	0.037455551
0.017799151	0.031709145
0.023025322	0.014876496
0.027344973	0.007171655
0.031826885	0.011520002
0.036459873	0.022980347
0.040777779	0.029553135
0.045464503	0.026213251
0.049954681	0.016817585
0.05426135	0.010269841
0.059078764	0.011398149
0.063589275	0.017879069
0.067947426	0.022507357
0.073086675	0.02056472
0.077585997	0.014353362
0.081988108	0.009616906
0.087207247	0.009975907
0.091769778	0.013743485
0.096346211	0.016080287
0.100871128	0.014400797
0.105396044	0.010094996
0.109981723	0.006606237
0.115610682	0.006584375
0.120336415	0.008635828
0.125283517	0.009289026
0.129914559	0.0072127
0.134545602	0.003962004
0.139616336	0.001750321
0.144461955	0.001877794
0.149307575	0.002735083
0.1549579	0.002093548
0.16053005	-0.000558462
0.165430027	-0.002785495
0.171850244	-0.003638974
0.177247045	-0.003457741
0.183052047	-0.004344808
0.188890701	-0.006534885
0.194110262	-0.0082666
0.200925383	-0.009044291
0.206593556	-0.009334631
0.213657336	-0.010833664
0.219506153	-0.012540629
0.225550213	-0.013618077
0.232311646	-0.014079076
0.238415335	-0.014818884
0.245317905	-0.016255472
0.251245675	-0.017243087
0.25901935	-0.017786625
0.265460626	-0.018279817
0.271805898	-0.019118155
0.27815117	-0.019842275
0.2866181	-0.020177642
0.29362807	-0.020409919
0.300462247	-0.020847903
0.307296424	-0.021109451
0.314583134	-0.021015291
0.321869844	-0.020890394
0.329283955	-0.020856552
0.336698066	-0.020608253
0.344377457	-0.02008219
0.352056848	-0.019557444
0.36185402	-0.018801135
0.370661032	-0.017831566
0.378620427	-0.016871531
0.387626151	-0.015725042
0.396682561	-0.014375804
0.40500999	-0.013030695
0.413588353	-0.011590664
0.422079935	-0.010060723
0.430492965	-0.008454367
0.438779472	-0.006840969
0.446972246	-0.005197944
0.455124219	-0.003508352
0.463221522	-0.001818689
0.471269648	-0.000137073
0.479306525	0.001556747
0.487337264	0.003240343
0.495357704	0.004889844
0.503391724	0.006514858
0.511456961	0.008110635
0.519552517	0.009652902
0.527692238	0.011137653
0.535900032	0.012566318
0.544185422	0.013921144
0.552560604	0.015189466
0.561054908	0.016370655
0.569693906	0.017451854
0.578501241	0.018416464
0.587523745	0.019258473
0.596822282	0.019963634
0.606468497	0.020509836
0.61659531	0.02087968
0.627439549	0.021037607
0.639468222	0.020916276
0.654356803	0.020284112
0.666308706	0.019654594
0.67826061	0.018431806
0.690018911	0.017281462
0.699507972	0.016064864
0.709486506	0.014485373
0.718171229	0.013267918
0.72683159	0.01177794
0.735672493	0.010085791
0.743937653	0.008625281
0.752173589	0.007036519
0.760555522	0.005263411
0.768663709	0.003631195
0.776676294	0.002009878
0.784820854	0.00024799
0.792884048	-0.001460471
0.800837695	-0.003077975
0.80888065	-0.004751068
0.816966264	-0.006421605
0.824988191	-0.007983736
0.833060158	-0.009514638
0.84124107	-0.011040453
0.849438883	-0.012467641
0.857682937	-0.013803677
0.866074566	-0.015097837
0.874576565	-0.016294265
0.883170872	-0.017363566
0.891970688	-0.018345158
0.901003088	-0.019206929
0.910247164	-0.019908791
0.919862611	-0.020473826
0.929988275	-0.020862898
0.940704297	-0.021028568
0.9526575	-0.020943665
0.966382747	-0.020424766
0.985366836	-0.018537212
0.994493541	-0.018997349
1.003620246	-0.017228269
1.010841974	-0.015837864
1.018063701	-0.015533624
1.026709546	-0.01445946
1.033864128	-0.012706011
1.04101871	-0.011486392
1.048622477	-0.010621456
1.057302662	-0.008815869
1.06562256	-0.006899855
1.073020608	-0.005697097
1.08103212	-0.004173219
1.089706961	-0.002076545
1.096926565	-0.000618782
1.104678387	0.000823708
1.112894607	0.002656769
1.120593407	0.004349316
1.128410554	0.005826886
1.136416161	0.007392739
1.14467725	0.009100753
1.152341077	0.01049985
1.160388718	0.01186465
1.168720488	0.013320197
1.176847826	0.014622228
1.185170551	0.01577981
1.193740485	0.016922855
1.202548209	0.017989419
1.211301189	0.018843015
1.220421112	0.019618336
1.229986478	0.020278495
1.239374555	0.020690813
1.249760569	0.020984464
1.261273016	0.021025245
1.272192311	0.020788393
1.28291023	0.020365693
1.294201369	0.019592353
1.305084298	0.01868695
1.315442729	0.017581107
1.325476804	0.016314898
1.334720561	0.015060331
1.343757624	0.013649892
1.352584538	0.012174505
1.3611201	0.010695042
1.369574458	0.00911608
1.377932898	0.007486894
1.386143478	0.00586606
1.394305715	0.00420072
1.402438884	0.002498016
1.410500356	0.000813384
1.418531721	-0.000868099
1.426571653	-0.002561852
1.434597637	-0.00423021
1.442617336	-0.005860409
1.45066999	-0.007468608
1.458757164	-0.009038167
1.466873724	-0.010545236
1.475049688	-0.011995035
1.483306235	-0.013383738
1.491642614	-0.014688525
1.500082118	-0.015903567
1.508661845	-0.017027813
1.517398789	-0.018042007
1.526324476	-0.018933187
1.535504657	-0.019696294
1.545001754	-0.020309902
1.554908781	-0.020752665
1.565427371	-0.021002873
1.576893227	-0.021005461
1.590190621	-0.020645316
1.601822327	-0.02008427
1.613454034	-0.019178564
1.624949686	-0.018093673
1.635136551	-0.016931462
1.644949457	-0.015580345
1.654114462	-0.014262734
1.662945587	-0.012843169
1.671694117	-0.011305444
1.680163304	-0.009788816
1.688508022	-0.008211277
1.696826958	-0.006548652
1.705014599	-0.004898925
1.713120119	-0.003241081
1.721227045	-0.001533541
1.729289524	0.000166407
1.737302008	0.00183716
1.745328645	0.003513927
1.753368951	0.005177625
1.761400001	0.006791223
1.769458677	0.008368114
1.777572219	0.009911682
1.785725826	0.01139041
1.793934499	0.012797578
1.80223703	0.014141272
1.810638871	0.015401267
1.819148179	0.016560416
1.827811016	0.017621875
1.836660747	0.018571551
1.845720822	0.019388003
1.855066499	0.020066468
1.86479488	0.020588011
1.875016245	0.020921583
1.886008601	0.021039493
1.898375195	0.020858102
1.914010976	0.020065372
1.926637326	0.019411262
1.939263676	0.01787206
1.948430429	0.017132207
1.957597182	0.015885107
1.965617902	0.014518428
1.973638623	0.013412831
1.982049386	0.012089106
1.991037948	0.010308112
1.999190031	0.008845091
2.007289451	0.007370054
2.015698679	0.005584539
2.023922475	0.00388142
2.031884181	0.002313297
2.039998877	0.000580684
2.048133651	-0.00118531
2.056084871	-0.002800567
2.064080823	-0.004437799
2.072191136	-0.006137172
2.080233553	-0.007726565
2.088266257	-0.009238887
2.096434231	-0.010772383
2.104650339	-0.012234001
2.112868163	-0.013573105
2.121223079	-0.01486991
2.129725583	-0.016098337
2.138297524	-0.01718578
2.147041468	-0.018175666
2.156047575	-0.019069433
2.165253875	-0.019798235
2.174772709	-0.020382373
2.184820582	-0.020812818
2.195418018	-0.02101494
2.207031636	-0.020983421
2.221209053	-0.02050643
2.234555443	-0.01977856
2.245761616	-0.018852686
2.257098175	-0.017630193
2.266568646	-0.016569651
2.276043504	-0.015187264
2.285261758	-0.013783193
2.29389703	-0.012428813
2.302591592	-0.010852738
2.311116389	-0.00926534
2.319363217	-0.007729366
2.327637398	-0.006065092
2.335866686	-0.004360067
2.343935716	-0.002717884
2.35199903	-0.001034811
2.360087758	0.000693688
2.368104242	0.002367274
2.376101559	0.004012818
2.384153359	0.005675272
2.392210135	0.007294079
2.400263403	0.008843986
2.408383439	0.010365073
2.416572243	0.011838238
2.42480155	0.013221397
2.433119266	0.014531341
2.441565278	0.015770904
2.450122433	0.016902137
2.458823792	0.017922359
2.467740861	0.018837651
2.476890485	0.019615315
2.486325608	0.020241761
2.496196035	0.02071285
2.5	0.020833498
