time	value
0	0
3.15544E-30	1.23417E-56
0.00441904	0.021360928
0.009319015	0.067093812
0.013474611	0.086847395
0.017799151	0.07369284
0.023025322	0.035201294
0.027344973	0.017597443
0.031826885	0.02736294
0.036459873	0.053180028
0.040777779	0.06797336
0.045464503	0.060548016
0.049954681	0.039602687
0.05426135	0.024980035
0.059078764	0.027318223
0.063589275	0.041466158
0.067947426	0.051565865
0.073086675	0.047312561
0.077585997	0.033753749
0.081988108	0.0233606
0.087207247	0.023905728
0.091769778	0.031816143
0.096346211	0.036691964
0.100871128	0.033019779
0.105396044	0.023751433
0.109981723	0.016171084
0.115610682	0.015810572
0.120336415	0.019864979
0.125283517	0.021019412
0.129914559	0.016516567
0.134545602	0.009557429
0.139616336	0.004682836
0.144461955	0.004620587
0.149307575	0.006072703
0.1549579	0.004450228
0.16053005	-0.001252171
0.165430027	-0.00608026
0.171850244	-0.008270986
0.177247045	-0.008289612
0.183052047	-0.010437225
0.188890701	-0.015171666
0.194110262	-0.018972237
0.200925383	-0.021016391
0.206593556	-0.02198643
0.213657336	-0.0253789
0.219506153	-0.029086471
0.225550213	-0.031591882
0.232311646	-0.032934342
0.238415335	-0.034723718
0.245317905	-0.037863136
0.251245675	-0.040079261
0.25901935	-0.041530905
0.265460626	-0.042759932
0.271805898	-0.044594897
0.27815117	-0.046192455
0.2866181	-0.047099259
0.29362807	-0.047696713
0.300462247	-0.048623432
0.307296424	-0.049188631
0.314583134	-0.049053804
0.321869844	-0.048795986
0.329283955	-0.048644657
0.336698066	-0.048053659
0.344377457	-0.046891912
0.352056848	-0.045662096
0.36185402	-0.043845862
0.370661032	-0.04163146
0.378620427	-0.039398033
0.387626151	-0.036683533
0.396682561	-0.033561345
0.40500999	-0.030436859
0.413588353	-0.027049557
0.422079935	-0.023487876
0.430492965	-0.019757627
0.438779472	-0.01597803
0.446972246	-0.012140039
0.455124219	-0.008212381
0.463221522	-0.00426674
0.471269648	-0.000333492
0.479306525	0.003611963
0.487337264	0.007536132
0.495357704	0.011392489
0.503391724	0.015184861
0.511456961	0.01890315
0.519552517	0.022504837
0.527692238	0.025973385
0.535900032	0.029304336
0.544185422	0.032465795
0.552560604	0.035429531
0.561054908	0.03818567
0.569693906	0.040708095
0.578501241	0.042962472
0.587523745	0.044928489
0.596822282	0.046574103
0.606468497	0.047852008
0.61659531	0.048716414
0.627439549	0.049086557
0.639468222	0.048807372
0.654356803	0.047335232
0.666308706	0.045867826
0.67826061	0.043017993
0.690018911	0.040338344
0.699507972	0.037489109
0.709486506	0.033824022
0.718171229	0.030972773
0.72683159	0.027489438
0.735672493	0.02356128
0.743937653	0.020144837
0.752173589	0.016427358
0.760555522	0.012306926
0.768663709	0.008497991
0.776676294	0.004701075
0.784820854	0.000598717
0.792884048	-0.003380077
0.800837695	-0.007165965
0.80888065	-0.01107086
0.816966264	-0.014958798
0.824988191	-0.01860907
0.833060158	-0.022188215
0.84124107	-0.025741785
0.849438883	-0.029071453
0.857682937	-0.032196911
0.866074566	-0.035214672
0.874576565	-0.038003594
0.883170872	-0.040505279
0.891970688	-0.042796575
0.901003088	-0.044804938
0.910247164	-0.046448356
0.919862611	-0.047767972
0.929988275	-0.048675079
0.940704297	-0.049067886
0.9526575	-0.048868377
0.966382747	-0.047665789
0.985366836	-0.04326809
0.994493541	-0.044319397
1.003620246	-0.040209799
1.010841974	-0.037006762
1.018063701	-0.036250331
1.026709546	-0.033714727
1.033864128	-0.029693056
1.04101871	-0.026853703
1.048622477	-0.024763491
1.057302662	-0.02057657
1.06562256	-0.016164268
1.073020608	-0.013304468
1.08103212	-0.009719476
1.089706961	-0.004895281
1.096926565	-0.001486241
1.104678387	0.001933525
1.112894607	0.006183525
1.120593407	0.010098834
1.128410554	0.013584014
1.136416161	0.017252827
1.14467725	0.021199604
1.152341077	0.024470983
1.160388718	0.027686115
1.168720488	0.031063876
1.176847826	0.034088828
1.185170551	0.036815062
1.193740485	0.039480864
1.202548209	0.041952733
1.211301189	0.043961707
1.220421112	0.045774637
1.229986478	0.047301685
1.239374555	0.048278937
1.249760569	0.048963347
1.261273016	0.049054063
1.272192311	0.048517272
1.28291023	0.047517565
1.294201369	0.045728169
1.305084298	0.043612444
1.315442729	0.041028342
1.325476804	0.038089082
1.334720561	0.035150795
1.343757624	0.031862167
1.352584538	0.028429917
1.3611201	0.024970034
1.369574458	0.021285434
1.377932898	0.017492561
1.386143478	0.013707025
1.394305715	0.009817614
1.402438884	0.005850481
1.410500356	0.001920052
1.418531721	-0.002008054
1.426571653	-0.005958135
1.434597637	-0.0098485
1.442617336	-0.013655733
1.45066999	-0.017409383
1.458757164	-0.02106947
1.466873724	-0.024587589
1.475049688	-0.027973133
1.483306235	-0.031212685
1.491642614	-0.034257793
1.500082118	-0.037095789
1.508661845	-0.039719621
1.517398789	-0.042086636
1.526324476	-0.044168854
1.535504657	-0.045950731
1.545001754	-0.047383589
1.554908781	-0.048419657
1.565427371	-0.049004885
1.576893227	-0.04901351
1.590190621	-0.048176823
1.601822327	-0.04686868
1.613454034	-0.044759518
1.624949686	-0.042229577
1.635136551	-0.039517022
1.644949457	-0.03637053
1.654114462	-0.033293904
1.662945587	-0.029981086
1.671694117	-0.026399224
1.680163304	-0.022858412
1.688508022	-0.019175355
1.696826958	-0.015301107
1.705014599	-0.011451805
1.713120119	-0.007579868
1.721227045	-0.003598349
1.729289524	0.000366031
1.737302008	0.004267847
1.745328645	0.008180648
1.753368951	0.012059986
1.761400001	0.015826822
1.769458677	0.019508641
1.777572219	0.023108914
1.785725826	0.026559604
1.793934499	0.029845922
1.80223703	0.032981514
1.810638871	0.035921405
1.819148179	0.038628765
1.827811016	0.041106962
1.836660747	0.043323122
1.845720822	0.045230736
1.855066499	0.046815733
1.86479488	0.048033545
1.875016245	0.048814894
1.886008601	0.049091776
1.898375195	0.048671307
1.914010976	0.046828755
1.926637326	0.045295502
1.939263676	0.041720733
1.948430429	0.039992709
1.957597182	0.037061302
1.965617902	0.033902995
1.973638623	0.031320051
1.982049386	0.028207179
1.991037948	0.024077987
1.999190031	0.020667824
2.007289451	0.017201209
2.015698679	0.013049579
2.023922475	0.009089779
2.031884181	0.005410365
2.039998877	0.001367277
2.048133651	-0.002734997
2.056084871	-0.006513591
2.064080823	-0.010344872
2.072191136	-0.014296797
2.080233553	-0.018003773
2.088266257	-0.021545753
2.096434231	-0.025119904
2.104650339	-0.028523157
2.112868163	-0.031657273
2.121223079	-0.03468598
2.129725583	-0.037545251
2.138297524	-0.040088093
2.147041468	-0.042403188
2.156047575	-0.044483629
2.165253875	-0.046188313
2.174772709	-0.047556232
2.184820582	-0.048557035
2.195418018	-0.049035138
2.207031636	-0.048962278
2.221209053	-0.047853228
2.234555443	-0.046158705
2.245761616	-0.043992942
2.257098175	-0.041158168
2.266568646	-0.03866754
2.276043504	-0.035450466
2.285261758	-0.032184412
2.29389703	-0.029009312
2.302591592	-0.025339019
2.311116389	-0.021645099
2.319363217	-0.018049541
2.327637398	-0.014166953
2.335866686	-0.010199471
2.343935716	-0.006361627
2.35199903	-0.002429212
2.360087758	0.001595669
2.368104242	0.005500567
2.376101559	0.009347443
2.384153359	0.013223558
2.392210135	0.016997013
2.400263403	0.020618955
2.408383439	0.024169902
2.416572243	0.027603507
2.42480155	0.030833542
2.433119266	0.033893992
2.441565278	0.036784338
2.450122433	0.039424897
2.458823792	0.041809644
2.467740861	0.043944932
2.476890485	0.045760415
2.486325608	0.047226158
2.496196035	0.048325468
2.5	0.048607258
