time	value
0	0
3.15544E-30	3.9443E-29
1.60761E-05	0.000200894
9.64564E-05	0.001203563
0.000498358	0.00616204
0.002507867	0.028423634
0.005764483	0.048291257
0.009528574	0.039373774
0.014367554	-0.004069267
0.018563072	-0.03448655
0.022299901	-0.035655284
0.026700052	-0.009213093
0.030932758	0.020321445
0.034853075	0.03000044
0.039023784	0.016531716
0.043269746	-0.008169305
0.047477362	-0.022923181
0.051631296	-0.017973559
0.055957999	0.000782461
0.060117463	0.015894098
0.064408456	0.01659647
0.068931655	0.002963531
0.073089032	-0.010469566
0.07758394	-0.013837051
0.08237048	-0.003774037
0.086574502	0.007301172
0.091302028	0.010956992
0.096234204	0.003129384
0.100513529	-0.00570049
0.105471784	-0.008456498
0.110517499	-0.001848676
0.114893498	0.004973154
0.120072042	0.006269848
0.125053951	0.000624167
0.129572478	-0.004467889
0.134981589	-0.004328013
0.139892674	0.000469386
0.144637562	0.003975676
0.150310687	0.002496099
0.155176017	-0.001408121
0.160343464	-0.003273748
0.16636737	-0.000624773
0.171258889	0.002096041
0.17749915	0.00180882
0.182927105	-0.000815187
0.188253762	-0.002001843
0.19347414	-0.000684504
0.198694518	0.001185683
0.204992201	0.001192321
0.210914926	-0.000534823
0.216530818	-0.001209802
0.223468834	0.000112443
0.229060634	0.000956814
0.234931887	0.000384441
0.240803139	-0.000609166
0.247541521	-0.000478884
0.254038589	0.00041758
0.260447041	0.000465144
0.267401456	-0.000283579
0.273811916	-0.000396022
0.281312714	0.000225735
0.287867213	0.000304058
0.295656029	-0.000203183
0.302466194	-0.000211095
0.310307977	0.000188322
0.317487754	0.000122466
0.325313932	-0.000171226
0.333076481	-3.49781E-05
0.340891801	0.000143877
0.349947727	-5.97991E-05
0.357791959	-8.48624E-05
0.365853419	8.02677E-05
0.373914879	2.86534E-05
0.382959777	-7.4397E-05
0.392257523	4.38439E-05
0.400905575	2.53598E-05
0.411469679	-4.98766E-05
0.420818796	4.02107E-05
0.429889807	3.34969E-06
0.44015278	-2.94154E-05
0.450969508	3.68298E-05
0.46049801	-2.05901E-05
0.470232262	-6.60153E-06
0.48299295	1.7086E-05
0.493288024	-3.08685E-05
0.503220537	2.45306E-05
0.512964676	-2.6588E-06
0.524150258	-1.14762E-05
0.53597928	2.10234E-05
0.546182669	-2.41831E-05
0.556149653	1.23089E-05
0.566636034	2.7193E-06
0.576957665	-1.46855E-05
0.587279296	1.71676E-05
0.597824305	-1.11133E-05
0.608900788	2.64812E-06
0.620381601	5.18784E-06
0.631862413	-1.18316E-05
0.642999595	1.52589E-05
0.653673003	-1.24387E-05
0.664566899	5.37026E-06
0.677245907	-1.71473E-06
0.690870301	-1.6286E-06
0.702133851	1.31484E-05
0.712824213	-2.03948E-05
0.722774896	1.58823E-05
0.732805376	-2.56926E-06
0.744751602	-4.86535E-06
0.75642536	1.27296E-05
0.766925532	-1.74852E-05
0.777045361	1.22071E-05
0.787449457	-1.79441E-06
0.800634835	-1.95748E-06
0.811979533	1.12739E-05
0.822666081	-1.72088E-05
0.832715277	1.34735E-05
0.842890747	-2.79274E-06
0.855080295	-2.92075E-06
0.866888158	9.88554E-06
0.877530409	-1.53261E-05
0.8877169	1.23749E-05
0.898024809	-3.40294E-06
0.910243153	-1.59446E-06
0.92244934	7.44441E-06
0.933236093	-1.38765E-05
0.943526094	1.32252E-05
0.95372805	-5.4244E-06
0.965134844	-1.10725E-06
0.975740584	8.487E-06
0.986346324	-1.11795E-05
0.996972133	8.6159E-06
1	9.94262E-06
