time	value
0	0
3.15544E-30	1.69042E-29
1.60761E-05	8.60986E-05
9.64564E-05	0.000515863
0.000498358	0.002642213
0.002507867	0.012212239
0.005764483	0.020813137
0.009528574	0.017023799
0.014367554	-0.001790232
0.018563072	-0.015066972
0.022299901	-0.015613091
0.026700052	-0.004023405
0.030932758	0.009006084
0.034853075	0.013307297
0.039023784	0.007332547
0.043269746	-0.003689576
0.047477362	-0.010303915
0.051631296	-0.00807867
0.055957999	0.000393521
0.060117463	0.007244209
0.064408456	0.007557555
0.068931655	0.001319991
0.073089032	-0.00484246
0.07758394	-0.006382816
0.08237048	-0.001716146
0.086574502	0.003427237
0.091302028	0.005118441
0.096234204	0.00143871
0.100513529	-0.002712593
0.105471784	-0.003998439
0.110517499	-0.000851186
0.114893498	0.002394749
0.120072042	0.002998085
0.125053951	0.000275657
0.129572478	-0.00217496
0.134981589	-0.002090297
0.139892674	0.000250298
0.144637562	0.001954943
0.150310687	0.001213565
0.155176017	-0.000712232
0.160343464	-0.001624299
0.16636737	-0.00029615
0.171258889	0.001058596
0.17749915	0.000900994
0.182927105	-0.000423794
0.188253762	-0.001015745
0.19347414	-0.000338456
0.198694518	0.000613947
0.204992201	0.000607315
0.210914926	-0.000284351
0.216530818	-0.000626737
0.223468834	6.60145E-05
0.229060634	0.000502536
0.234931887	0.000196554
0.240803139	-0.000325603
0.247541521	-0.000250423
0.254038589	0.000226418
0.260447041	0.000246886
0.267401456	-0.000156052
0.273811916	-0.000212709
0.281312714	0.000125485
0.287867213	0.000164809
0.295656029	-0.000113657
0.302466194	-0.000115148
0.310307977	0.000105895
0.317487754	6.68711E-05
0.325313932	-9.67563E-05
0.333076481	-1.83354E-05
0.340891801	8.1635E-05
0.349947727	-3.50914E-05
0.357791959	-4.80748E-05
0.365853419	4.67814E-05
0.373914879	1.59195E-05
0.382959777	-4.32996E-05
0.392257523	2.6134E-05
0.400905575	1.45472E-05
0.411469679	-2.9471E-05
0.420818796	2.41915E-05
0.429889807	1.74856E-06
0.44015278	-1.76411E-05
0.450969508	2.23841E-05
0.46049801	-1.26841E-05
0.470232262	-3.96899E-06
0.48299295	1.05504E-05
0.493288024	-1.91837E-05
0.503220537	1.53048E-05
0.512964676	-1.62472E-06
0.524150258	-7.32154E-06
0.53597928	1.34331E-05
0.546182669	-1.54171E-05
0.556149653	7.77975E-06
0.566636034	1.90252E-06
0.576957665	-9.6169E-06
0.587279296	1.11757E-05
0.597824305	-7.16909E-06
0.608900788	1.57683E-06
0.620381601	3.61673E-06
0.631862413	-8.01313E-06
0.642999595	1.0229E-05
0.653673003	-8.2321E-06
0.664566899	3.40576E-06
0.677245907	-8.44179E-07
0.690870301	-1.62473E-06
0.702133851	9.40856E-06
0.712824213	-1.41167E-05
0.722774896	1.06687E-05
0.732805376	-1.34143E-06
0.744751602	-3.85993E-06
0.75642536	9.27791E-06
0.766925532	-1.23028E-05
0.777045361	8.2808E-06
0.787449457	-8.27759E-07
0.800634835	-2.00306E-06
0.811979533	8.53142E-06
0.822666081	-1.24452E-05
0.832715277	9.35956E-06
0.842890747	-1.50896E-06
0.855080295	-2.69018E-06
0.866888158	7.6901E-06
0.877530409	-1.1316E-05
0.8877169	8.76002E-06
0.898024809	-1.99897E-06
0.910243153	-1.76281E-06
0.92244934	6.10233E-06
0.933236093	-1.0566E-05
0.943526094	9.64629E-06
0.95372805	-3.5551E-06
0.965134844	-1.38893E-06
0.975740584	6.75992E-06
0.986346324	-8.48412E-06
0.996972133	6.25899E-06
1	7.5726E-06
