1 0.024883224
1.002 0.48046658
1.004 0.80365473
1.006 0.94457444
1.008 0.89253988
1.01 0.67460915
1.012 0.34708318
1.014 -0.017811485
1.016 -0.34709672
1.018 -0.58102225
1.02 -0.68329478
1.022 -0.64593869
1.024 -0.48833373
1.026 -0.25112272
1.028 0.013401866
1.03 0.2522937
1.032 0.42211509
1.034 0.49640182
1.036 0.46924178
1.038 0.35462194
1.04 0.18203459
1.042 -0.010496003
1.044 -0.18441378
1.046 -0.30804327
1.048 -0.36205037
1.05 -0.3420772
1.052 -0.25829041
1.054 -0.13219361
1.056 0.008453549
1.058 0.13547772
1.06 0.22571502
1.062 0.26501479
1.064 0.25017985
1.066 0.1886479
1.068 0.096166361
1.07 -0.0069248444
1.072 -0.099974384
1.074 -0.1659985
1.076 -0.1946226
1.078 -0.18351045
1.08 -0.13813495
1.082 -0.070073733
1.084 0.0057205038
1.086 0.074066822
1.088 0.12248292
1.09 0.14335052
1.092 0.13496837
1.094 0.10138439
1.096 0.051140682
1.098 -0.0047377174
1.1 -0.0550623
1.102 -0.090639153
1.104 -0.1058657
1.106 -0.099506891
1.108 -0.074570194
1.11 -0.037377864
1.112 0.0039193551
1.114 0.041056237
1.116 0.067247585
1.118 0.07836756
1.12 0.073522017
1.122 0.054954126
1.124 0.027356169
1.126 -0.0032317859
1.128 -0.030691299
1.13 -0.050005922
1.132 -0.058133485
1.134 -0.054428292
1.136 -0.040569047
1.138 -0.020046771
1.14 0.0026531907
1.142 0.022993187
1.144 0.037258519
1.146 0.043203479
1.148 0.040362895
1.15 0.029996618
1.152 0.014707455
1.154 -0.0021676331
1.156 -0.017257829
1.158 -0.027808459
1.16 -0.03216002
1.162 -0.029978166
1.164 -0.022210663
1.166 -0.010801668
1.168 0.0017622007
1.17 0.012973277
1.172 0.020786203
1.174 0.023973499
1.176 0.022295402
1.178 0.016466322
1.18 0.0079407522
1.182 -0.00142572
1.184 -0.0097651706
1.186 -0.015557196
1.188 -0.017893095
1.19 -0.016601326
1.192 -0.012221289
1.194 -0.0058426361
1.196 0.0011482362
1.198 0.0073583753
1.2 0.011656469
1.202 0.01336929
1.204 0.012374401
1.206 0.0090796179
1.208 0.0043022234
1.21 -0.00092083106
1.212 -0.0055497694
1.214 -0.0087420539
1.216 -0.0099985706
1.218 -0.0092321517
1.22 -0.0067514662
1.222 -0.0031701258
1.224 0.00073556741
1.226 0.004188802
1.228 0.0065616158
1.23 0.0074837524
1.232 0.006893321
1.234 0.0050241578
1.236 0.0023373514
1.238 -0.00058546363
1.24 -0.003163502
1.242 -0.0049284105
1.244 -0.0056053743
1.246 -0.0051505796
1.248 -0.0037412977
1.25 -0.0017242576
1.252 0.00046445885
1.254 0.0023903442
1.256 0.0037038777
1.258 0.004200987
1.26 0.0038507567
1.262 0.0027876515
1.264 0.0012725642
1.266 -0.00036735885
1.268 -0.0018068632
1.27 -0.0027849742
1.272 -0.0031500883
1.274 -0.0028804706
1.276 -0.002078161
1.278 -0.00093956652
1.28 0.00028976485
1.282 0.0013662427
1.284 0.0020949179
1.286 0.002363125
1.288 0.0021556461
1.29 0.0015499411
1.292 0.00069393458
1.294 -0.00022799147
1.296 -0.0010333302
1.298 -0.0015763963
1.3 -0.0017734352
1.302 -0.0016138424
1.304 -0.0011564332
1.306 -0.00051265778
1.308 0.00017898018
1.31 0.00078169045
1.312 0.0011865655
1.314 0.0013313261
1.316 0.0012086228
1.318 0.00086312197
1.32 0.0003788186
1.322 -0.00014021391
1.324 -0.00059141841
1.326 -0.00089335673
1.328 -0.0009997078
1.33 -0.00090541092
1.332 -0.0006443913
1.334 -0.00027996786
1.336 0.00010963637
1.338 0.00044750979
1.34 0.00067273958
1.342 0.00075086726
1.344 0.00067843453
1.346 0.00048121035
1.348 0.00020693706
1.35 -8.5578639e-05
1.352 -0.00033864458
1.354 -0.0005066903
1.356 -0.00056407787
1.358 -0.00050846572
1.36 -0.00035942815
1.362 -0.00015296887
1.364 6.6693846e-05
1.366 0.00025627619
1.368 0.00038167937
1.37 0.00042382569
1.372 0.00038114763
1.374 0.00026851403
1.376 0.00011307992
1.378 -5.1900543e-05
1.38 -0.00019394814
1.382 -0.0002875439
1.384 -0.00031849031
1.386 -0.00028575291
1.388 -0.000200626
1.39 -8.3592956e-05
1.392 4.0334259e-05
1.394 0.00014678056
1.396 0.00021664545
1.398 0.00023936238
1.4 0.00021426124
1.402 0.00014992079
1.404 6.1793229e-05
1.406 -3.1306712e-05
1.408 -0.00011108383
1.41 -0.00016324013
1.412 -0.00017991099
1.414 -0.00016067307
1.416 -0.00011204212
1.418 -4.5675718e-05
1.42 2.4271832e-05
1.422 8.4067362e-05
1.424 0.00012300688
1.426 0.0001352366
1.428 0.0001204984
1.43 8.3740792e-05
1.432 3.3759058e-05
1.434 -1.8797749e-05
1.436 -6.3620078e-05
1.438 -9.2693932e-05
1.44 -0.00010166213
1.442 -9.0375645e-05
1.444 -6.259241e-05
1.446 -2.4948453e-05
1.448 1.4543875e-05
1.45 4.8144632e-05
1.452 6.9853428e-05
1.454 7.6427063e-05
1.456 6.7787183e-05
1.458 4.6787366e-05
1.46 1.8434609e-05
1.462 -1.1242296e-05
1.464 -3.6432235e-05
1.466 -5.2642264e-05
1.468 -5.7458387e-05
1.47 -5.0846929e-05
1.472 -3.4974543e-05
1.474 -1.3619164e-05
1.476 8.6827486e-06
1.478 2.7568043e-05
1.48 3.9672387e-05
1.482 4.319903e-05
1.484 3.8141558e-05
1.486 2.6144899e-05
1.488 1.005965e-05
1.49 -6.700557e-06
1.492 -2.085963e-05
1.494 -2.9898274e-05
1.496 -3.2479208e-05
1.498 -2.8611778e-05
1.5 -1.9544695e-05
1.502 -7.4288462e-06
1.504 5.1669939e-06
1.506 1.578289e-05
1.508 2.2532295e-05
1.51 2.4419953e-05
1.512 2.1463506e-05
1.514 1.4610796e-05
1.516 5.4847438e-06
1.518 -3.9816055e-06
1.52 -1.1941112e-05
1.522 -1.6981037e-05
1.524 -1.8360717e-05
1.526 -1.6101378e-05
1.528 -1.0922409e-05
1.53 -4.0483542e-06
1.532 3.0661247e-06
1.534 9.0340103e-06
1.536 1.279737e-05
1.538 1.3805042e-05
1.54 1.2078958e-05
1.542 8.1650624e-06
1.544 2.9872994e-06
1.546 -2.3596584e-06
1.548 -6.8342906e-06
1.55 -9.644361e-06
1.552 -1.0379758e-05
1.554 -9.0614522e-06
1.556 -6.1037171e-06
1.558 -2.2036777e-06
1.56 1.814894e-06
1.562 5.1699101e-06
1.564 7.2681053e-06
1.566 7.8043478e-06
1.568 6.7977654e-06
1.57 4.5626872e-06
1.572 1.6250903e-06
1.574 -1.3951148e-06
1.576 -3.9106504e-06
1.578 -5.4772549e-06
1.58 -5.8679243e-06
1.582 -5.099563e-06
1.584 -3.410643e-06
1.586 -1.1980035e-06
1.588 1.0718592e-06
1.59 2.9579534e-06
1.592 4.127602e-06
1.594 4.4119415e-06
1.596 3.8255754e-06
1.598 2.5494073e-06
1.6 8.8283739e-07
1.602 -8.2308796e-07
1.604 -2.2372265e-06
1.606 -3.1104633e-06
1.608 -3.3171977e-06
1.61 -2.8698313e-06
1.612 -1.905583e-06
1.614 -6.503336e-07
1.616 6.317513e-07
1.618 1.6920178e-06
1.62 2.3439275e-06
1.622 2.4940693e-06
1.624 2.1528348e-06
1.626 1.4242974e-06
1.628 4.7886717e-07
1.63 -4.8467121e-07
1.632 -1.279606e-06
1.634 -1.7662598e-06
1.636 -1.8751692e-06
1.638 -1.6149492e-06
1.64 -1.0645261e-06
1.642 -3.5245823e-07
1.644 3.716709e-07
1.646 9.6766308e-07
1.648 1.3309322e-06
1.65 1.4098296e-06
1.652 1.2114348e-06
1.654 7.9559776e-07
1.656 2.5930077e-07
1.658 -2.8489752e-07
1.66 -7.317265e-07
1.662 -1.0028774e-06
1.664 -1.0599526e-06
1.666 -9.0872721e-07
1.668 -5.9458128e-07
1.67 -1.9067473e-07
1.672 2.1829569e-07
1.674 5.5328666e-07
1.676 7.5566626e-07
1.678 7.9689215e-07
1.68 6.8164576e-07
1.682 4.4433281e-07
1.684 1.4014084e-07
1.686 -1.6719969e-07
1.688 -4.1833933e-07
1.69 -5.6938018e-07
1.692 -5.9910846e-07
1.694 -5.1129921e-07
1.696 -3.3203521e-07
1.698 -1.0294543e-07
1.7 1.2801658e-07
1.702 3.1628928e-07
1.704 4.2900714e-07
1.706 4.5040566e-07
1.708 3.8351492e-07
1.71 2.481062e-07
1.712 7.5580219e-08
1.714 -9.7981407e-08
1.716 -2.39121e-07
1.718 -3.232336e-07
1.72 -3.3860587e-07
1.722 -2.8766005e-07
1.724 -1.8538212e-07
1.726 -5.5456769e-08
1.728 7.4967656e-08
1.73 1.8077097e-07
1.732 2.4353312e-07
1.734 2.5455235e-07
1.736 2.1575799e-07
1.738 1.3850784e-07
1.74 4.066615e-08
1.742 -5.7340626e-08
1.744 -1.3665252e-07
1.746 -1.8348022e-07
1.748 -1.9136021e-07
1.75 -1.6182438e-07
1.752 -1.0347999e-07
1.754 -2.980087e-08
1.756 4.3844404e-08
1.758 1.0329629e-07
1.76 1.3823242e-07
1.762 1.4385259e-07
1.764 1.2136969e-07
1.766 7.7305988e-08
1.768 2.182363e-08
1.77 -3.3514604e-08
1.772 -7.8078276e-08
1.774 -1.0414063e-07
1.776 -1.0813723e-07
1.778 -9.1026e-08
1.78 -5.7748936e-08
1.782 -1.5970121e-08
1.784 2.5611077e-08
1.786 5.9013932e-08
1.788 7.8454813e-08
1.79 8.1287589e-08
1.792 6.8266837e-08
1.794 4.3136863e-08
1.796 1.1677689e-08
1.798 -1.9565868e-08
1.8 -4.460237e-08
1.802 -5.9102842e-08
1.804 -6.1103188e-08
1.806 -5.1196735e-08
1.808 -3.2220051e-08
1.81 -8.5320443e-09
1.812 1.4943431e-08
1.814 3.3708505e-08
1.816 4.4523194e-08
1.818 4.5929823e-08
1.82 3.8393966e-08
1.822 2.4064432e-08
1.824 6.2283537e-09
1.826 -1.1410005e-08
1.828 -2.5474175e-08
1.83 -3.3539266e-08
1.832 -3.4523649e-08
1.834 -2.8792032e-08
1.836 -1.7972059e-08
1.838 -4.5425147e-09
1.84 8.7098525e-09
1.842 1.9250477e-08
1.844 2.5264504e-08
1.846 2.5949584e-08
1.848 2.1590848e-08
1.85 1.3421176e-08
1.852 3.3097417e-09
1.854 -6.6470541e-09
1.856 -1.4546605e-08
1.858 -1.9030767e-08
1.86 -1.9504441e-08
1.862 -1.6190336e-08
1.864 -1.0022035e-08
1.866 -2.4090652e-09
1.868 5.0715569e-09
1.87 1.0991625e-08
1.872 1.4334841e-08
1.874 1.4659818e-08
1.876 1.2140279e-08
1.878 7.4832601e-09
1.88 1.7515616e-09
1.882 -3.8685464e-09
1.884 -8.305034e-09
1.886 -1.0797345e-08
1.888 -1.1018276e-08
1.89 -9.103112e-09
1.892 -5.5872672e-09
1.894 -1.2720209e-09
1.896 2.9502278e-09
1.898 6.2748508e-09
1.9 8.1326687e-09
1.902 8.281186e-09
1.904 6.8256109e-09
1.906 4.1713455e-09
1.908 9.2256738e-10
1.91 -2.2494796e-09
1.912 -4.7407338e-09
1.914 -6.1254373e-09
1.916 -6.2238429e-09
1.918 -5.1176977e-09
1.92 -3.113973e-09
1.922 -6.6817346e-10
1.924 1.7147563e-09
1.926 3.5815086e-09
1.928 4.6135031e-09
1.93 4.6775502e-09
1.932 3.8370611e-09
1.934 2.3244538e-09
1.936 4.8316902e-10
1.938 -1.306935e-09
1.94 -2.7057002e-09
1.942 -3.4746763e-09
1.944 -3.5153023e-09
1.946 -2.8767351e-09
1.948 -1.734949e-09
1.95 -3.488695e-10
1.952 9.9587705e-10
1.954 2.043897e-09
1.956 2.6168594e-09
1.958 2.6417749e-09
1.96 2.1566834e-09
1.962 1.2948389e-09
1.964 2.5143898e-10
1.966 -7.586701e-10
1.968 -1.5438572e-09
1.97 -1.9707274e-09
1.972 -1.985206e-09
1.974 -1.6168592e-09
1.976 -9.6637702e-10
1.978 -1.8094873e-10
1.98 5.7779395e-10
1.982 1.1661335e-09
1.984 1.4841662e-09
1.986 1.4919074e-09
1.988 1.2121465e-09
1.99 7.211603e-10
1.992 1.2989282e-10
1.994 -4.401316e-10
1.996 -8.8088216e-10
1.998 -1.1177289e-09
2 -1.1211415e-09
