0 0 0
0.005 0.000290892023131544 0.000127804571513719
0.01 0.0017473621064952 0.000781362254873111
0.015 0.00396831159845715 0.00178976841238791
0.02 0.00560129997409595 0.00251228001743884
0.025 0.00582271288949988 0.00254347800457703
0.03 0.00500501562118614 0.00208332664202344
0.035 0.00406372207847336 0.00162610794874693
0.04 0.00342290461884729 0.00139928946877495
0.045 0.00273186247525414 0.00118548405365924
0.05 0.00146525193260927 0.00065704291652014
0.055 -0.000392942907693122 -0.000212404282034096
0.06 -0.00230779150983238 -0.00111073216497397
0.065 -0.00371904382543407 -0.00171023081049884
0.07 -0.00449420160349112 -0.00195872969582196
0.075 -0.00487075462450209 -0.00204270262345291
0.08 -0.00505808851765707 -0.00211830790738125
0.085 -0.00498191685974096 -0.00213355191271787
0.09 -0.00440930945332187 -0.00191477676951895
0.095 -0.00325162746408282 -0.00138334632254774
0.1 -0.00169650747391443 -0.000652749932666357
0.105 -6.06868266162274e-05 7.81081382137127e-05
0.11 0.00143944255988766 0.000693498143813076
0.115 0.00275852838042583 0.0012095887752461
0.12 0.00390421994096145 0.00167807411303471
0.125 0.00480017182665485 0.00207515348286355
0.13 0.00528531938121698 0.00229865678008741
0.135 0.00523237383975102 0.0022612564626213
0.14 0.00464625348228623 0.00196842984185423
0.145 0.00364728996128177 0.00150360772136258
0.15 0.00237741425395964 0.000951543999272538
0.155 0.000936068180170222 0.000348301510283694
0.16 -0.000601510857324944 -0.000298251820561817
0.165 -0.00212827601047407 -0.000955576760038412
0.17 -0.00348809160721397 -0.00154688026016916
0.175 -0.00451957805313357 -0.00198442033073048
0.18 -0.00511554316347105 -0.00221657564734798
0.185 -0.00524338354317433 -0.00224147160716612
0.19 -0.00491994308365481 -0.00208197490081833
0.195 -0.00417938360469569 -0.00175651759418489
0.2 -0.00306903208101845 -0.00127685857593659
0.205 -0.00166913832908219 -0.000668840607611518
0.21 -0.000105284750242843 1.23485096673162e-05
0.215 0.00146704602667846 0.000691231449595923
0.22 0.00289553812409931 0.00129642228287455
0.225 0.00405617008842134 0.00177743404931478
0.23 0.00485769518789691 0.00210290012320821
0.235 0.00523528965372503 0.00224990596412856
0.24 0.00515040107274147 0.0022006420230923
0.245 0.00460134697352416 0.00195080398506306
0.25 0.00363387279083305 0.00151972362175346
0.255 0.00233936235802868 0.000950695474986122
0.26 0.000840002484875031 0.000300739359936399
0.265 -0.0007292020972687 -0.000371158188661739
0.27 -0.00223257418744665 -0.00100931616789991
0.275 -0.00354019867280129 -0.00156088293778516
0.28 -0.00453502400321661 -0.00197629102857945
0.285 -0.0051244320170407 -0.00221480452404961
0.29 -0.00525304523763173 -0.00225252224251603
0.295 -0.00491030338186552 -0.00208701100514009
0.3 -0.00412976717404422 -0.00173590907898904
0.305 -0.00298270051413804 -0.00123204633738945
0.31 -0.00157037160832622 -0.000619246682785817
0.315 -1.67518059060702e-05 4.98754846828295e-05
0.32 0.00154011146900931 0.000716243465096615
0.325 0.00295993796207725 0.00131913906605698
0.33 0.00411435757417008 0.00180320724526737
0.335 0.00490003286469559 0.00212500958872001
0.34 0.0052478684620808 0.00225687092447209
0.345 0.00512781764960192 0.0021880111303957
0.35 0.00455051817299557 0.00192448775211852
0.355 0.00356663658607218 0.00148895193459784
0.36 0.00226342636672898 0.000919690498777965
0.365 0.000757539809522112 0.000267796137548261
0.37 -0.000815802603278297 -0.000407805171357676
0.375 -0.00231570525764408 -0.00104641916736776
0.38 -0.00360848421807415 -0.00159129760653716
0.385 -0.00457918015584614 -0.00199428192815145
0.39 -0.00514124735360865 -0.0022195336614041
0.395 -0.00524418125863887 -0.0022466365178338
0.4 -0.00487842201887883 -0.00207280904152825
0.405 -0.00407659876310168 -0.00171353801768071
0.41 -0.0029105999934937 -0.0012011784413895
0.415 -0.00148482212024132 -0.000581736130707278
0.42 7.34013116923131e-05 8.94839402702946e-05
0.425 0.0016250965495692 0.00075273998772478
0.43 0.00303180327512771 0.00134893152398048
0.435 0.00416780259958564 0.00182474024566581
0.44 0.00493145003112648 0.0021374955962634
0.445 0.00525444975529261 0.00225917965169937
0.45 0.00510802341690115 0.00217899698134381
0.455 0.00450537524621611 0.00190423369718424
0.46 0.00350037459561061 0.00145946959735379
0.465 0.00218272230020111 0.000884361387179372
0.47 0.000670033573215647 0.000230195548707852
0.475 -0.000902575903757584 -0.000444601235750918
0.48 -0.00239456534891964 -0.00107968727959819
0.485 -0.0036726028436462 -0.00161827562926209
0.49 -0.00462253304592777 -0.00201226386683828
0.495 -0.00515955416250698 -0.00222651069325653
0.5 -0.0052357303275892 -0.00224191250085898
0.505 -0.00484424106053924 -0.00205707755215375
0.51 -0.00402001627813739 -0.00168847606462651
0.515 -0.00283666273921343 -0.00116901544794126
0.52 -0.00139990437755683 -0.000545116065907499
0.525 0.000161887702837895 0.000127461333629851
0.53 0.00170919510542248 0.000788629322147909
0.535 0.00310381936634348 0.00137934562034758
0.54 0.00422120348789486 0.00184686387645179
0.545 0.0049615363900098 0.00214942355648247
0.55 0.00525867069325302 0.00225998227457913
0.555 0.00508605082008477 0.00216865073270081
0.56 0.0044590986435247 0.00188358957664874
0.565 0.00343383066920397 0.00143027519046229
0.57 0.00210183913893933 0.000849208881414088
0.575 0.000582102833210037 0.000192291509416582
0.58 -0.000989634510261363 -0.000481806221169454
0.585 -0.00247297860554179 -0.00111287348326801
0.59 -0.00373542214643378 -0.00164453432012515
0.595 -0.0046641876901184 -0.00202928994062371
0.6 -0.00517630956392075 -0.00223276946653818
0.605 -0.00522604583896274 -0.00223680107012772
0.61 -0.00480895863138009 -0.00204102952324975
0.615 -0.00396230535029035 -0.00166294276176392
0.62 -0.00276171120321936 -0.00113631034292538
0.625 -0.00131441851039682 -0.000508171597313565
0.63 0.000250289758746582 0.000165363085905024
0.635 0.00179263979428561 0.000824125780606605
0.64 0.00317485616393191 0.00140926928285691
0.645 0.00427347062693567 0.0018685254982195
0.65 0.00499034957795188 0.00216087278814612
0.655 0.00526145735185598 0.00226019763476411
0.66 0.00506257555783294 0.00215762650423533
0.665 0.00441146801036192 0.00186232006730288
0.67 0.00336629580730532 0.00140065676926218
0.675 0.00202042214607847 0.00081387669487807
0.68 0.000494071080328988 0.000154396327743582
0.685 -0.00107641296175273 -0.000518874882234371
0.69 -0.0025507442445664 -0.00114579654950063
0.695 -0.00379722589643459 -0.00167036837905243
0.7 -0.00470451325436727 -0.00204573176202459
0.705 -0.00519156029601838 -0.00223835586069977
0.71 -0.00521486011615262 -0.00223103369478598
0.715 -0.00477233167234223 -0.00202441959279453
0.72 -0.00390350527826497 -0.00163697034272584
0.725 -0.00268599083699895 -0.00110329586085252
0.73 -0.00122854500478359 -0.000471067416442351
0.735 0.000338643330357483 0.000203240313922014
0.74 0.0018755819895881 0.0008593935164921
0.745 0.00324498055590473 0.00143877971590012
0.75 0.00432451445611723 0.00188964379091485
0.755 0.00501775214048996 0.00217171139501336
0.76 0.00526276897660775 0.002259786494474
0.765 0.00503767851745214 0.00214600178014783
0.77 0.00436258737800924 0.00184052125629854
0.775 0.00329779925917978 0.00137063240834322
0.78 0.001938428408825 0.000778308904070756
0.785 0.000405903442379847 0.00011646130396641
0.79 -0.00116287961316143 -0.000555789381028624
0.795 -0.00262778598723942 -0.00117839294693946
0.8 -0.00385796002628844 -0.00169573414147115
0.805 -0.0047435140445934 -0.00206160051390297
0.81 -0.00520534415811803 -0.00224331032983066
0.815 -0.0052021963936469 -0.00222463192795267
0.82 -0.0047343518656211 -0.00200723372830391
0.825 -0.00384360173354699 -0.00161053526577654
0.83 -0.00260951410858904 -0.00106997248730421
0.835 -0.00114232640466001 -0.00043383229774837
0.84 0.000426901882311629 0.00024106080635749
0.845 0.00195799630648336 0.000894420677500181
0.85 0.00331418878708808 0.00146788464841675
0.855 0.00437433467232055 0.00191022687390798
0.86 0.00504373425496392 0.00218193420770867
0.865 0.00526259205196092 0.00225873583092585
0.87 0.00501135816541226 0.00213377130058597
0.875 0.00431247459344492 0.00181820334928635
0.88 0.0032283705281674 0.00134022072634999
0.885 0.00185588574119031 0.000742520180124978
0.89 0.000317620195259875 7.84925046340774e-05
0.895 -0.00124901742909244 -0.000592546684856901
0.9 -0.0027040840454298 -0.0012106554427802
0.905 -0.00391760287661976 -0.00172061994482512
0.91 -0.00478117390278753 -0.00207688658397835
0.915 -0.00521765690659261 -0.00224763113291149
0.92 -0.00518806216688795 -0.0022176014952151
0.925 -0.00469503328946435 -0.00198948012482179
0.93 -0.00378261106773365 -0.00158364441650156
0.935 -0.00253229945861224 -0.00103634646267026
0.94 -0.00105578507866909 -0.000396474763821198
0.945 0.000515039434407001 0.000278812841327061
0.95 0.00203985700431262 0.000929194921322729
0.955 0.00338246022268084 0.00149657478582396
0.96 0.00442291834634338 0.00193027008505336
0.965 0.0050682903496128 0.00219154010933772
0.97 0.00526092707029069 0.00225704638230945
0.975 0.00498362084152071 0.00212093742137949
0.98 0.00426114260365186 0.00179537143548158
0.985 0.00315802918848402 0.00130943026705114
0.99 0.00177281843335338 0.000706521594717682
0.995 0.000229247088466447 4.05014535234628e-05
1 -0.00133480221696369 -0.000629136562776477
1.005 -0.00277961761723359 -0.00124257568515526
1.01 -0.00397613805460825 -0.00174501922273437
1.015 -0.00481748192062885 -0.00209158538937825
1.02 -0.0052284944732991 -0.00225131646140373
1.025 -0.00517246118633087 -0.00220994413880936
1.03 -0.00465438734724968 -0.00197116408883704
1.035 -0.00372055094906582 -0.00155630582212334
1.04 -0.00245436881524761 -0.00100242739129937
1.045 -0.00096894522425536 -0.00035900510645618
1.05 0.000603031358280116 0.000316486035762163
1.055 0.00212114094537165 0.00096370642279304
1.06 0.00344977532861214 0.0015248417847441
1.065 0.00447025155581444 0.00194976757119502
1.07 0.00509141352528879 0.00220052642762945
1.075 0.00525777468841819 0.00225471881236499
1.08 0.00495447449770667 0.00210750388081265
1.085 0.00420860585556999 0.00177203190404843
1.09 0.00308679498638998 0.00127826959460101
1.095 0.00168924991430599 0.000670323269255274
1.1 0.000140809178576036 2.4989628464939e-06
1.105 -0.00142020962154706 -0.000665548568306832
1.11 -0.00285436532594389 -0.00127414462804976
1.115 -0.00403354907694484 -0.00176892514304557
1.12 -0.00485242790192411 -0.00210569284341579
1.125 -0.00523785379412598 -0.002254365273318
1.13 -0.00515539780642443 -0.00220166196730246
1.135 -0.00461242548669128 -0.0019522907547968
1.14 -0.00365743893524874 -0.00152852722363236
1.145 -0.00237574425657877 -0.000968224908005287
1.15 -0.000881831419054602 -0.000321433944985854
1.155 0.000690852792870928 0.000354069755080869
1.16 0.0022018251824022 0.000997945458494646
1.165 0.00351611508598169 0.00155267766623701
1.17 0.00451632090075866 0.0019687138022727
1.175 0.00511309722017024 0.00220889059763677
1.18 0.00525313579299893 0.00225175377455214
1.185 0.0049239273906345 0.00209347449311241
1.19 0.00415487921918064 0.00174819137011922
1.195 0.00301468806133915 0.00124674751857424
1.2 0.00160520379744798 0.000633935424293709
1.205 5.23314590187033e-05 -3.55042334324156e-05
1.21 -0.00150521549277462 -0.000701772403712891
1.215 -0.00292830602748751 -0.00130535333520341
1.22 -0.00408981970599102 -0.00179233094092529
1.225 -0.00488600197068184 -0.00211920496171916
1.23 -0.00524573223108706 -0.00225677671482165
1.235 -0.00513687685439828 -0.0021927573252377
1.24 -0.00456915956720473 -0.00193286545436118
1.245 -0.00359329286396867 -0.00150031646899621
1.25 -0.00229644801092492 -0.000933748681777036
1.255 -0.000794468296473136 -0.000283771905761942
1.26 0.000778478904770901 0.000391553369445266
1.265 0.00228188690396043 0.00103190234830729
1.27 0.00358146074205833 0.00158007456366636
1.275 0.00456111335856088 0.0019871034241151
1.28 0.00513333530288144 0.00221663025377746
1.285 0.00524701169295278 0.00224815210454662
1.29 0.00489198815541024 0.00207885322337708
1.295 0.00409997788551764 0.0017238565751135
1.3 0.00294172880187937 0.00121487295307647
1.305 0.0015207038455767 0.000597368348338161
1.31 -3.61610562160439e-05 -7.34973918468819e-05
1.315 -0.0015897957985559 -0.000737797828914205
1.32 -0.00300141881702144 -0.00133619298327146
1.325 -0.00414493403153952 -0.00181522999794929
1.33 -0.00491819463367376 -0.0021321179231199
1.335 -0.00525212755680176 -0.00225855010420172
1.34 -0.00511690356743751 -0.00218323273100635
1.345 -0.00452460182181895 -0.00191289368016647
1.35 -0.00352813087085735 -0.00147168153395449
1.355 -0.00221650249686107 -0.000899008459350526
1.36 -0.000706880556121317 -0.000246029636545494
1.365 0.000865884919428271 0.000428926280953393
1.37 0.00236130347394754 0.00106556749122417
1.375 0.00364579382169403 0.00160702473103149
1.38 0.00460461626543908 0.00200493123773974
1.385 0.00515212205189693 0.0022237432081701
1.39 0.00523940411977221 0.00224391482068032
1.395 0.0048586658218893 0.00206364420520074
1.4 0.00404391737646412 0.00169903439892124
1.405 0.00286793783560171 0.00118265490993753
1.41 0.00143577394932496 0.000560632380092881
1.415 -0.000124643347749462 -0.00011146977056128
1.42 -0.00167392662578914 -0.000773614658596405
1.425 -0.00307368302372146 -0.00136665485319819
1.43 -0.00419887647134482 -0.00183761584000528
1.435 -0.00494899678909158 -0.00214442807670606
1.44 -0.00525703796302414 -0.00225968493995995
1.445 -0.00509548359249948 -0.00217309087743675
1.45 -0.00447876484828745 -0.00189238107884297
1.455 -0.00346197137906504 -0.00144263051446249
1.46 -0.00213593031717094 -0.00086401406274092
1.465 -0.000619092961380696 -0.000208217808045397
1.47 0.000953046124835441 0.000466177923317857
1.475 0.00244005243913065 0.00109893136918588
1.48 0.00370909613612721 0.00163352054873803
1.485 0.00464681732190342 0.00202219220270605
1.49 0.00516945215570352 0.00223022744980287
1.495 0.00523031522436198 0.0022390431209866
1.5 0.00482396981122093 0.00204785173860539
1.505 0.00398671354183725 0.00167373185943121
1.51 0.00279333602519548 0.00115010249804791
1.515 0.00135043812067951 0.000523737905808306
1.52 -0.000213090399212633 -0.000149410633733897
1.525 -0.00175758418837981 -0.000809212766347049
1.53 -0.00314507821652638 -0.00139673033258147
1.535 -0.00425163177442381 -0.00185948213802031
1.54 -0.00497839972833936 -0.00215613194207477
1.545 -0.0052604620614472 -0.00226018090124611
1.55 -0.00507262298558345 -0.00216233463189555
1.555 -0.0044316616059632 -0.00187133344985351
1.56 -0.00339483309368396 -0.00141317162403723
1.565 -0.00205475425181161 -0.000828775385825912
1.57 -0.000531130332199174 -0.000170347110700049
1.575 0.00103993787814903 0.00050329776448822
1.58 0.00251811153503844 0.00113198454932198
1.585 0.00377134978807153 0.00165955452569918
1.59 0.00468770459656321 0.00203888143886584
1.595 0.00518532071460588 0.00223608114539976
1.6 0.00521974757640069 0.00223353838282654
1.605 0.00478790993291507 0.0020314802885538
1.61 0.00392838255472056 0.00164795611036317
1.615 0.00271794446262292 0.00111722492086108
1.62 0.0012647204864007 0.000486695356554964
1.625 -0.000301477204216262 -0.000187309254451151
1.63 -0.00184074483405549 -0.000844582087611169
1.635 -0.00321558421006912 -0.00142641091826253
1.64 -0.00430318502541498 -0.00188082270979558
1.645 -0.00500639513840639 -0.00216722621022512
1.65 -0.00526239888398632 -0.00226003784783927
1.655 -0.00504832821000552 -0.0021509670354664
1.66 -0.00438330541221449 -0.00184975674393545
1.665 -0.00332673499653546 -0.00138331319150904
1.67 -0.00197299725146839 -0.000793302391539424
1.675 -0.000443017538008759 -0.000132428251587395
1.68 0.00112653561270379 0.000540275309674419
1.685 0.00259545869223947 0.00116471768659867
1.69 0.00383253717672516 0.00168511930140087
1.695 0.00472726652947251 0.00205499422771747
1.7 0.00519972324212931 0.00224130263996116
1.705 0.0052077041636489 0.00222740216253946
1.71 0.0047504963820812 0.00201453448370133
1.715 0.00386894090687365 0.00162171443922382
1.72 0.00264178446313271 0.0010840314737634
1.725 0.00117864528119789 0.000449515205269789
1.73 -0.000389778773404418 -0.000225154917741278
1.735 -0.00192338505103738 -0.000879712622518365
1.74 -0.00328518107038505 -0.00145568821873113
1.745 -0.00435352164880988 -0.00190163152176992
1.75 -0.00503297510422798 -0.00217770774450538
1.755 -0.00526284788304939 -0.00225925582018495
1.76 -0.00502260613456082 -0.00213899130207864
1.765 -0.00433370993865474 -0.00182765706141104
1.77 -0.00325769634080577 -0.00135306365866955
1.775 -0.00189068243107087 -0.000757605109062691
1.78 -0.0003547794906954 -9.44719514015657e-05
1.785 0.0012128148449616 0.000577100104317159
1.79 0.00267207204258546 0.00119712152646636
1.795 0.00389264100274684 0.00171020764798493
1.8 0.0047654919353954 0.00207052601373698
1.805 0.00521265566628724 0.00224589045722847
1.81 0.00519418839110799 0.00222063619500163
1.815 0.00471173973654901 0.00199701911508782
1.82 0.00380840540406851 0.00159501426524795
1.825 0.0025648775592303 0.00105053154144662
1.83 0.00109223684087591 0.000412207963794609
1.835 -0.000477970141518002 -0.00026293692360435
1.84 -0.00200548147468522 -0.000914594438709912
1.845 -0.00335384912054653 -0.00148455395649749
1.85 -0.00440262741307484 -0.0019219026907257
1.855 -0.00505813211092352 -0.00218757358150043
1.86 -0.00526180893169133 -0.00225783503938342
1.865 -0.00499546403158013 -0.00212641081759821
1.87 -0.00428288920727462 -0.00180504065046263
1.875 -0.00318773664560306 -0.00132243157788574
1.88 -0.00180783306326051 -0.000721693630989663
1.885 -0.000266441137557995 -5.64889414221814e-05
1.89 0.00129875118143393 0.00061376173704423
1.895 0.0027479299253958 0.00122918690747708
1.9 0.00395164427314782 0.00173481247229241
1.905 0.00480237000696871 0.0020854724056653
1.91 0.00522411433073127 0.00224984330010081
1.915 0.00517920408005453 0.00221324239313679
1.92 0.00467165095387748 0.0019789391347857
1.925 0.00374679316134064 0.00156786313730201
1.93 0.00248724549459234 0.0010167345952535
1.935 0.00100551959545413 0.000374784179902121
1.94 -0.000566026374455998 -0.000300644590038487
1.945 -0.00208701089410473 -0.000949217674146148
1.95 -0.00342156894622588 -0.00151299997043106
1.955 -0.00445048843467255 -0.00194163048545137
1.96 -0.00508185904592247 -0.00219682093186965
1.965 -0.00525928232365285 -0.0022557759071285
1.97 -0.00496690957487537 -0.00211322913887082
1.975 -0.00423085758647885 -0.00178191390536517
1.98 -0.00311687569043894 -0.00129142560968053
1.985 -0.00172447257181089 -0.000685578110473082
1.99 -0.000178027454255355 -1.84899604809003e-05
1.995 0.0013843203255784 0.00065024984261338
2 0.00282301089358185 0.00126090476387444
