0 0 0
0.005 0 0
0.01 0 0
0.015 0 0
0.02 0 0
0.025 0 0
0.03 0 0
0.035 0 0
0.04 0 0
0.045 0 0
0.05 0 0
0.055 0 0
0.06 0 0
0.065 0 0
0.07 0 0
0.075 0 0
0.08 0 0
0.085 0 0
0.09 0 0
0.095 0 0
0.1 0 0
0.105 0 0
0.11 0 0
0.115 0 0
0.12 0 0
0.125 0 0
0.13 0 0
0.135 0 0
0.14 0 0
0.145 0 0
0.15 0 0
0.155 0 0
0.16 0 0
0.165 0 0
0.17 0 0
0.175 0 0
0.18 0 0
0.185 0 0
0.19 0 0
0.195 0 0
0.2 0 0
0.205 0 0
0.21 0 0
0.215 0 0
0.22 0 0
0.225 0 0
0.23 0 0
0.235 0 0
0.24 0 0
0.245 0 0
0.25 0 0
0.255 0 0
0.26 0 0
0.265 0 0
0.27 0 0
0.275 0 0
0.28 0 0
0.285 0 0
0.29 0 0
0.295 0 0
0.3 0 0
0.305 0 0
0.31 0 0
0.315 0 0
0.32 0 0
0.325 0 0
0.33 0 0
0.335 0 0
0.34 0 0
0.345 0 0
0.35 0 0
0.355 0 0
0.36 0 0
0.365 0 0
0.37 0 0
0.375 0 0
0.38 0 0
0.385 0 0
0.39 0 0
0.395 0 0
0.4 0 0
0.405 0 0
0.41 0 0
0.415 0 0
0.42 0 0
0.425 0 0
0.43 0 0
0.435 0 0
0.44 0 0
0.445 0 0
0.45 0 0
0.455 0 0
0.46 0 0
0.465 0 0
0.47 0 0
0.475 0 0
0.48 0 0
0.485 0 0
0.49 0 0
0.495 0 0
0.5 0 0
0.505 0 0
0.51 0 0
0.515 0 0
0.52 0 0
0.525 0 0
0.53 0 0
0.535 0 0
0.54 0 0
0.545 0 0
0.55 0 0
0.555 0 0
0.56 0 0
0.565 0 0
0.57 0 0
0.575 0 0
0.58 0 0
0.585 0 0
0.59 0 0
0.595 0 0
0.6 0 0
0.605 0 0
0.61 0 0
0.615 0 0
0.62 0 0
0.625 0 0
0.63 0 0
0.635 0 0
0.64 0 0
0.645 0 0
0.65 0 0
0.655 0 0
0.66 0 0
0.665 0 0
0.67 0 0
0.675 0 0
0.68 0 0
0.685 0 0
0.69 0 0
0.695 0 0
0.7 0 0
0.705 0 0
0.71 0 0
0.715 0 0
0.72 0 0
0.725 0 0
0.73 0 0
0.735 0 0
0.74 0 0
0.745 0 0
0.75 0 0
0.755 0 0
0.76 0 0
0.765 0 0
0.77 0 0
0.775 0 0
0.78 0 0
0.785 0 0
0.79 0 0
0.795 0 0
0.8 0 0
0.805 0 0
0.81 0 0
0.815 0 0
0.82 0 0
0.825 0 0
0.83 0 0
0.835 0 0
0.84 0 0
0.845 0 0
0.85 0 0
0.855 0 0
0.86 0 0
0.865 0 0
0.87 0 0
0.875 0 0
0.88 0 0
0.885 0 0
0.89 0 0
0.895 0 0
0.9 0 0
0.905 0 0
0.91 0 0
0.915 0 0
0.92 0 0
0.925 0 0
0.93 0 0
0.935 0 0
0.94 0 0
0.945 0 0
0.95 0 0
0.955 0 0
0.96 0 0
0.965 0 0
0.97 0 0
0.975 0 0
0.98 0 0
0.985 0 0
0.99 0 0
0.995 0 0
1 2.48832243924918e-06 1.06858813166388e-06
1.005 0.00273395656388007 0.00121052616821683
1.01 0.0071071297905945 0.0032135932428227
1.015 0.00832166353745052 0.00376449968977618
1.02 0.00579065851300968 0.00247308958688533
1.025 0.00286914204409658 0.000968961805366717
1.03 0.00262217620744704 0.000877335538344766
1.035 0.00475635676074459 0.00208884724202256
1.04 0.00660439694580679 0.00313017554651997
1.045 0.00633276841419297 0.00292936078042451
1.05 0.00464743815797036 0.00188872938741597
1.055 0.00355948882328082 0.00123294309009635
1.06 0.00406445810450874 0.00158968284595495
1.065 0.00532628560196824 0.0024233223227843
1.07 0.00589957190401816 0.00278378357358893
1.075 0.00533246982862565 0.00237084827953311
1.08 0.00443298597446949 0.00174317959817399
1.085 0.00419078906316497 0.00159203788473483
1.09 0.00472552483672276 0.00199583443670308
1.095 0.00533501997149551 0.00244024389480683
1.1 0.0053777749417344 0.00245505232572161
1.105 0.00492036890319519 0.00209771208151524
1.11 0.0045308957495929 0.00180386772039695
1.115 0.00459713442915844 0.00186853770116041
1.12 0.00496260983561676 0.00216271478927506
1.125 0.00519302157293899 0.00234074072388331
1.13 0.0050770044871537 0.0022376684426822
1.135 0.00480078970671563 0.00200958580534556
1.14 0.004679882609576 0.00191532802752422
1.145 0.00480918276857187 0.0020293452689412
1.15 0.00500747169509612 0.00219661786472836
1.155 0.0050570337102454 0.00223409681717847
1.16 0.00493508994997237 0.00212582312065541
1.165 0.00480012038332003 0.002009978033836
1.17 0.00479390041899365 0.00200809448465182
1.175 0.00489841839295619 0.00210184541344505
1.18 0.0049847851367273 0.00217694775768024
1.185 0.00496725736690371 0.00215885684656935
1.19 0.0048835709237341 0.00208300724811277
1.195 0.0048326467605354 0.00203838049563814
1.2 0.0048609099955267 0.00206562587683163
1.205 0.00492425065767666 0.00212358464227415
1.21 0.00495062861584142 0.00214666782135374
1.215 0.00491973429004291 0.00211724584139515
1.22 0.00487424482400989 0.00207527783954372
1.225 0.00486390907352573 0.00206650665833957
1.23 0.0048928220095793 0.0020940122528457
1.235 0.00492375005233584 0.00212273632885398
1.24 0.00492434602964492 0.00212270934677946
1.245 0.00489966393532191 0.00209917556108439
1.25 0.00487994273936918 0.00208077338929527
1.255 0.00488464600205552 0.00208562506843516
1.26 0.00490435461121835 0.00210447793677523
1.265 0.00491589245665274 0.00211526440127046
1.27 0.00490885109754224 0.00210828632709357
1.275 0.00489397153571101 0.0020940052391542
1.28 0.0048881000918407 0.0020885367697512
1.285 0.00489563334911889 0.00209593377531815
1.29 0.00490628809729323 0.00210619073200795
1.295 0.00490846451149568 0.00210816836232237
1.3 0.00490148636743539 0.00210133263973484
1.305 0.00489427102875553 0.00209437000120718
1.31 0.0048943257110785 0.0020945099980766
1.315 0.00490024508849994 0.00210030814198083
1.32 0.00490481848949153 0.00210472795442729
1.325 0.00490356460486496 0.0021034476393899
1.33 0.0048988605066009 0.00209883631499663
1.335 0.00489621167757944 0.00209627652773995
1.34 0.00489797761174704 0.00209804129402999
1.345 0.00490151395396723 0.0021015114688781
1.35 0.00490283454525651 0.00210278323315452
1.355 0.00490098327394915 0.00210094381655602
1.36 0.00489846227108878 0.00209846751780863
1.365 0.00489800356279374 0.00209803368413369
1.37 0.00489970028774173 0.00209971630721332
1.375 0.00490139846761054 0.00210138565888015
1.38 0.00490134090754922 0.00210131679275346
1.385 0.00489991170421185 0.00209990023844768
1.39 0.00489884302971125 0.00209884935202211
1.395 0.00489917393431232 0.0020991843382448
1.4 0.00490030347153686 0.00210030389703368
1.405 0.00490091545217746 0.0021009053922502
1.41 0.00490047229296583 0.00210046167655692
1.415 0.00489962737181419 0.00209962402606178
1.42 0.00489932907550425 0.00209933159714337
1.425 0.00489978511000636 0.0020997867060624
1.43 0.00490038437238124 0.0021003809711386
1.435 0.00490048038846078 0.00210047391356553
1.44 0.00490006670288839 0.00210006158436832
1.445 0.00489966541559424 0.00209966356931658
1.45 0.00489968943951247 0.00209968905570617
1.455 0.00490003543454394 0.00210003374947684
1.46 0.00490028599835059 0.00210028226383368
1.465 0.00490019948490403 0.00210019516566616
1.47 0.00489992759533959 0.00209992433982209
1.475 0.00489978584701126 0.00209978381896427
1.48 0.0048998968982512 0.00209989501190016
1.485 0.00490009921582746 0.00210009653582167
1.49 0.00490016663067626 0.00210016325083634
1.495 0.00490005427005676 0.00210005094668203
1.5 0.00489991154740495 0.00209990877958629
1.505 0.00489989173576713 0.00209988934369773
1.51 0.00489999266836505 0.00209999015107107
1.515 0.00490008764585394 0.0021000847590114
1.52 0.00490007949380355 0.00210007642129831
1.525 0.00489999566262568 0.00209999272168516
1.53 0.00489993684547839 0.00209993413946451
1.535 0.00489995928820496 0.00209995666212079
1.54 0.00490002478789118 0.00210002204956268
1.545 0.00490005763440232 0.00210005475318335
1.55 0.0049000298614232 0.00210002695521556
1.555 0.00489998138070001 0.00209997856050437
1.56 0.00489996617233247 0.00209996343504405
1.565 0.00489999383887871 0.00209999110077432
1.57 0.00490002785051244 0.00210002505100328
1.575 0.00490003184599244 0.00210002900097431
1.58 0.00490000722405901 0.00210000438989457
1.585 0.00489998473578213 0.00209998194313731
1.59 0.00489998725635914 0.00209998448693189
1.595 0.0049000075681697 0.00210000478573155
1.6 0.00490002137552022 0.00210001856628812
1.605 0.00490001559089624 0.00210001277108551
1.61 0.00489999981060314 0.0020999970024959
1.615 0.00489999220466863 0.00209998941310602
1.62 0.00489999913631901 0.00209999634859765
1.625 0.00490001075411345 0.002100007957145
1.63 0.0049000141735565 0.00210001136682791
1.635 0.0049000073675245 0.00210000456024777
1.64 0.00489999926268048 0.00209999646214887
1.645 0.00489999848439748 0.00209999568933261
1.65 0.00490000448772218 0.00210000169181616
1.655 0.00490000981127878 0.00210000701073261
1.66 0.00490000907211019 0.00210000626869688
1.665 0.00490000415231846 0.00210000135015449
1.67 0.00490000091279662 0.00209999811367316
1.675 0.0049000023957929 0.0020999995980364
1.68 0.00490000619657882 0.0021000033976191
1.685 0.00490000795539284 0.00210000515452751
1.69 0.00490000622871046 0.0021000034272964
1.695 0.0049000034454225 0.00210000064499393
1.7 0.00490000268007566 0.00209999988078947
1.705 0.00490000435269902 0.00210000155354799
1.71 0.00490000628338356 0.00210000348349628
1.715 0.00490000642691965 0.00210000362638025
1.72 0.0049000049641234 0.00210000216363434
1.725 0.00490000370454068 0.0021000009045674
1.73 0.00490000391399723 0.00210000111437449
1.735 0.0049000051050634 0.00210000230532569
1.74 0.00490000586447365 0.00210000306439245
1.745 0.00490000548601987 0.00210000268576514
1.75 0.00490000457096119 0.00210000177082815
1.755 0.00490000416497744 0.00210000136506305
1.76 0.00490000459432544 0.002100001794486
1.765 0.00490000526083665 0.00210000246089308
1.77 0.00490000543117951 0.00210000263110268
1.775 0.00490000502053241 0.00210000222043207
1.78 0.00490000456084542 0.00210000176082503
1.785 0.00490000453678618 0.00210000173684302
1.79 0.00490000489297512 0.00210000209303129
1.795 0.00490000519080081 0.00210000239079977
1.8 0.00490000513286221 0.0021000023328189
1.805 0.00490000484466425 0.00210000204463092
1.81 0.00490000466683025 0.0021000018668355
1.815 0.0049000047630255 0.00210000196305244
1.82 0.00490000498322306 0.00210000218323825
1.825 0.0049000050767385 0.00210000227672885
1.83 0.00490000497015659 0.00210000217013685
1.835 0.00490000481062747 0.0021000020106183
1.84 0.00490000477296964 0.00210000197297583
1.845 0.00490000487369015 0.0021000020737
1.85 0.00490000498307643 0.00210000218307786
1.855 0.00490000498635159 0.00210000218634402
1.86 0.00490000489967982 0.00210000209967162
1.865 0.00490000482931302 0.00210000202931109
1.87 0.00490000484505402 0.0021000020450572
1.875 0.00490000491474903 0.00210000211475151
1.88 0.00490000495634394 0.00210000215634206
1.885 0.00490000493197931 0.00210000213197453
1.89 0.0049000048790189 0.00210000207901519
1.895 0.00490000485752896 0.00210000205752834
1.9 0.00490000488394586 0.00210000208394675
1.905 0.00490000492210898 0.00210000212210859
1.91 0.00490000493036716 0.00210000213036472
1.915 0.00490000490568624 0.00210000210568336
1.92 0.00490000487967284 0.00210000207967097
1.925 0.00490000487948799 0.00210000207948724
1.93 0.0049000049005637 0.00210000210056301
1.935 0.00490000491717562 0.00210000211717423
1.94 0.00490000491295805 0.0021000021129562
1.945 0.00490000489611313 0.00210000209611133
1.95 0.00490000488639695 0.00210000208639536
1.955 0.00490000489254894 0.00210000209254751
1.96 0.00490000490527968 0.00210000210527843
1.965 0.00490000491020461 0.00210000211020346
1.97 0.00490000490366661 0.00210000210366523
1.975 0.00490000489454275 0.00210000209454097
1.98 0.00490000489274948 0.00210000209274777
1.985 0.00490000489879169 0.00210000209879019
1.99 0.00490000490497385 0.00210000210497243
1.995 0.00490000490487334 0.00210000210487214
2 0.00490000489975182 0.00210000209975075
